I 1 7806.497895793
E 0 2 0 0.000017547 140726580537124 8
E 1 2 0 0.000017687 140726580537824 8
E 1 3 0 0.000020682 140726580537824 8
E 1 4 0 0.000021321 140726580537824 8
E 1 5 0 0.000021793 140726580537824 8
E 1 6 0 0.000022198 140726580537824 8
E 1 7 0 0.000022558 140726580537824 8
E 1 8 0 0.000022946 140726580537824 8
E 1 9 0 0.000023357 140726580537824 8
L 4 10 1 0.000324685 140726580537888 8
L 4 11 1 0.000327064 140726580537888 8
L 4 12 1 0.000328365 140726580537888 8
L 4 13 1 0.000328944 140726580537888 8
F 14 7806.498225981 0.000330188
